Period,TotalLiabPrivSec,LiabPrivNFIHousehold,LiabPrivFIs,LiabPrivNFIs,LiabPrivHousehold,PrivexcldOFCs,PrivOFCsexcldIntOFCs,M4Growth,M4GrowthRate,GrowthStatusM4,M4GrowthFIs,M4GrowthFIsRate,GrowthStatusM4FI,M4GrowthNFIs,M4GrowthNFIsRate,GrowthStatusM4NFI,M4GrowthHousehold,M4GrowthHouseholdRate,GrowthStatusM4Household
2021-10,2977815,2319262,658553,571714,1747548,2702123,382861,21372,0.717707446567366,Growth,11850,1.79939959274348,Growth,-4754,-0.831534648443103,Decline,14276,0.816916044652279,Growth
2021-09,2956443,2309740,646703,576468,1733272,2684986,375246,28047,0.948673794827095,Growth,5495,0.849694527472426,Growth,12039,2.08840733570641,Growth,10513,0.606540692978367,Growth
2021-08,2928396,2287188,641208,564429,1722759,2656354,369166,4042,0.138027780395821,Growth,-131,-0.020430188020112,Decline,4914,0.870614373109815,Growth,-741,-0.043012400457638,Decline
2021-07,2924354,2283014,641339,559515,1723500,2656249,373235,6376,0.218031059167255,Growth,16419,2.56011251459836,Growth,-14564,-2.60296864248501,Decline,4521,0.262315056570931,Growth
2021-06,2917978,2293058,624920,574079,1718979,2656360,363302,22422,0.768408809113708,Growth,-1701,-0.27219484093964,Decline,17658,3.07588328435633,Growth,6465,0.37609534496931,Growth
2021-05,2895556,2268935,626621,556421,1712514,2629994,361060,9095,0.314102023929083,Growth,-3035,-0.484343805905005,Decline,3730,0.670355719859603,Growth,8401,0.49056533260458,Growth
2021-04,2886461,2256805,629656,552691,1704113,2621909,365105,16688,0.57814742690097,Growth,-1817,-0.288570266939408,Decline,-3731,-0.675060748230024,Decline,22235,1.30478436582551,Growth
2021-03,2869773,2238300,631473,556422,1681878,2604678,366377,22701,0.791038176190242,Growth,-6805,-1.07763910729358,Decline,11716,2.10559611230325,Growth,17790,1.05774616232569,Growth
2021-02,2847072,2208795,638278,544706,1664088,2578001,369207,23298,0.818314394578008,Growth,5644,0.884254196447316,Growth,-4119,-0.756187741644116,Decline,21772,1.30834427025494,Growth
2021-01,2823774,2191140,632634,548825,1642316,2564620,373480,2390,0.0846385015231389,Growth,3083,0.487327585934363,Growth,-7852,-1.43069284380267,Decline,7160,0.435969691581888,Growth
2020-12,2821384,2191833,629551,556677,1635156,2558715,366882,15435,0.547071933490797,Growth,-17190,-2.73051746403389,Decline,8215,1.47572110936863,Growth,24409,1.4927627700354,Growth
2020-11,2805949,2159208,646741,548462,1610747,2539003,379794,22821,0.813307725835359,Growth,-313,-0.0483964987529784,Decline,7632,1.3915275807622,Growth,15502,0.962410608245739,Growth
2020-10,2783128,2136074,647054,540830,1595245,2504786,368712,-3722,-0.133734416814462,Decline,-26748,-4.133812633876,Decline,4576,0.846106909749829,Growth,18451,1.15662484445963,Growth
2020-09,2786850,2113048,673802,536254,1576794,2477543,364495,21323,0.765129088397294,Growth,7955,1.18061388954025,Growth,10700,1.99532311180896,Growth,2669,0.169267513701853,Growth
2020-08,2765527,2099680,665847,525554,1574125,2463666,363987,-16753,-0.605779657909686,Decline,-21740,-3.26501433512504,Decline,656,0.124820665431145,Growth,4330,0.275073453505916,Growth
2020-07,2782280,2094693,687587,524898,1569795,2468249,373556,33256,1.19527869229553,Growth,18056,2.62599496500079,Growth,8660,1.64984435071195,Growth,6539,0.416551205730685,Growth
2020-06,2749024,2079494,669531,516238,1563256,2446136,366642,29608,1.07703679560455,Growth,2631,0.392961640312398,Growth,18562,3.59562837295976,Growth,8416,0.538363518195356,Growth
2020-05,2719416,2052515,666900,497676,1554840,2425672,373157,51687,1.90066543699088,Growth,-7461,-1.11875843454791,Decline,26581,5.34102508459319,Growth,32567,2.09455635306527,Growth
2020-04,2667729,1993368,674361,471095,1522273,2368238,374870,55942,2.09698961176341,Growth,16493,2.44572269155541,Growth,16182,3.43497596026279,Growth,23266,1.52837237473173,Growth
2020-03,2611787,1953919,657868,454913,1499007,2325498,371578,81991,3.13926824813815,Growth,32877,4.99750709868849,Growth,33273,7.3141457817209,Growth,15843,1.05689966757994,Growth
2020-02,2529796,1904804,624991,421640,1483164,2242423,337619,13744,0.543284913091807,Growth,3659,0.585448430457399,Growth,300,0.071150744711128,Growth,9784,0.659670811858972,Growth
2020-01,2516052,1894720,621332,421340,1473380,2234230,339510,10105,0.40162127014863,Growth,30693,4.93987111560325,Growth,-12599,-2.99022167370769,Decline,-7989,-0.542222644531621,Decline
2019-12,2505947,1915308,590639,433939,1481369,2244215,328907,-5461,-0.217921608078702,Decline,-11803,-1.99834416623352,Decline,4462,1.02825512341596,Growth,1880,0.126909635614084,Growth
2019-11,2511408,1908966,602442,429477,1479489,2237064,328098,26151,1.04128839280595,Growth,11178,1.85544832531596,Growth,4326,1.00727163503517,Growth,10646,0.719572771409588,Growth
2019-10,2485257,1893993,591264,425151,1468843,2218253,324260,9599,0.386237721088805,Growth,5495,0.929364886074579,Growth,-524,-0.123250327530689,Decline,4629,0.315146002670129,Growth
2019-09,2475658,1889889,585769,425675,1464214,2217615,327726,12923,0.52200263525899,Growth,4680,0.798949756644684,Growth,3810,0.895049039760381,Growth,4432,0.302687995060831,Growth
2019-08,2462735,1881647,581089,421865,1459782,2204719,323072,20003,0.812227056504252,Growth,8897,1.53109076234449,Growth,2353,0.55776136915838,Growth,8755,0.599747085523729,Growth
2019-07,2442732,1870539,572192,419512,1451027,2189373,318834,10905,0.446426378333767,Growth,12577,2.19803842066999,Growth,1986,0.47340719693358,Growth,-3659,-0.25216622433628,Decline
2019-06,2431827,1872212,559615,417526,1454686,2185263,313051,3142,0.129203269804966,Growth,-3263,-0.583079438542569,Decline,1016,0.243338139421258,Growth,5389,0.370457954500146,Growth
2019-05,2428685,1865807,562878,416510,1449297,2177138,311331,-2179,-0.0897193337135116,Decline,-18832,-3.34566282569225,Decline,5467,1.3125735276464,Growth,11186,0.771822476690423,Growth
2019-04,2430864,1849153,581710,411043,1438111,2168529,319376,16846,0.693004627161371,Growth,15136,2.601983806364,Growth,-3956,-0.962429721464664,Decline,5666,0.393989059258986,Growth
2019-03,2414018,1847444,566574,414999,1432445,2163655,316210,5830,0.241506069963024,Growth,-10715,-1.89119161839407,Decline,5153,1.24168973901142,Growth,11392,0.795283588549648,Growth
2019-02,2408188,1830899,577289,409846,1421053,2142987,312088,9738,0.404370422907182,Growth,5786,1.00227095960602,Growth,-4110,-1.00281569174763,Decline,8062,0.567325778841465,Growth
2019-01,2398450,1826947,571503,413956,1412991,2137814,310867,-15732,-0.655923617336196,Decline,7216,1.26263554172069,Growth,-11107,-2.68313540569529,Decline,-11841,-0.838009583925163,Decline
2018-12,2414182,1849895,564287,425063,1424832,2160587,310692,12168,0.504021652054402,Growth,1085,0.192278042910788,Growth,5413,1.27345828735976,Growth,5670,0.397941652068454,Growth
2018-11,2402014,1838812,563202,419650,1419162,2147667,308855,3965,0.165069812249221,Growth,-7261,-1.28923547856719,Decline,4400,1.04849279161206,Growth,6826,0.480988076061789,Growth
2018-10,2398049,1827586,570463,415250,1412336,2140947,313361,12138,0.506161467092624,Growth,10445,1.83096887966441,Growth,799,0.192414208308248,Growth,894,0.0632993848489311,Growth
2018-09,2385911,1825893,560018,414451,1411442,2137063,311169,2935,0.12301380898114,Growth,-3379,-0.603373462995832,Decline,866,0.208951118467563,Growth,5449,0.386059080004704,Growth
2018-08,2382976,1819578,563397,413585,1405993,2132400,312822,4314,0.181034135467583,Growth,-4747,-0.842567496809532,Decline,2017,0.487686932553163,Growth,7043,0.500927102766514,Growth
2018-07,2378662,1810518,568144,411568,1398950,2124772,314254,2008,0.0844172059754602,Growth,7941,1.39770903151314,Growth,-1117,-0.271401080744859,Decline,-4816,-0.344258193645234,Decline
2018-06,2376654,1816451,560203,412685,1403766,2142736,326285,1921,0.0808279202610056,Growth,-12795,-2.28399348093459,Decline,5784,1.40155324278808,Growth,8933,0.636359621190426,Growth
2018-05,2374733,1801734,572998,406901,1394833,2136215,334481,16559,0.697299443769047,Growth,1080,0.188482333271669,Growth,9201,2.26123799155077,Growth,6277,0.450018030832365,Growth
2018-04,2358174,1786256,571918,397700,1388556,2108967,322711,372,0.0157749173725094,Growth,2100,0.367185505614441,Growth,1240,0.311792808649736,Growth,-2968,-0.213747230936311,Decline
2018-03,2357802,1787984,569818,396460,1391524,2114076,326092,-12165,-0.515946631651004,Decline,-32287,-5.66619517108972,Decline,6462,1.62992483478787,Growth,13660,0.981657520818901,Growth
2018-02,2369967,1767862,602105,389998,1377864,2093735,325873,-4814,-0.203125191194645,Decline,-7244,-1.20311241394773,Decline,-364,-0.0933338119682665,Decline,2793,0.202705056522269,Growth
2018-01,2374781,1765432,609349,390362,1375071,2093083,327651,15075,0.634795376921072,Growth,38201,6.26914953499554,Growth,-9981,-2.55685748100481,Decline,-13145,-0.955950638185228,Decline
2017-12,2359706,1788558,571148,400343,1388216,2104924,316366,-10948,-0.463956103006053,Decline,-18363,-3.21510361587539,Decline,65,0.0162360775634893,Growth,7351,0.529528545989961,Growth
2017-11,2370654,1781143,589511,400278,1380865,2093372,312229,5397,0.227658696714071,Growth,-7975,-1.35281614762066,Decline,9048,2.26042900184372,Growth,4324,0.313137055396436,Growth
2017-10,2365257,1767771,597486,391230,1376541,2081869,314098,8938,0.377887054134075,Growth,9257,1.54932500510472,Growth,-324,-0.082815734989648,Decline,5,0.000363229282673019,Growth
2017-09,2356319,1768090,588229,391554,1376536,2083545,315455,22091,0.937521617404095,Growth,7310,1.24271329703228,Growth,5747,1.46774135879087,Growth,9034,0.656285051753096,Growth
2017-08,2334228,1753309,580919,385807,1367502,2065000,311691,24143,1.03430341851781,Growth,14523,2.50000430352596,Growth,7482,1.93931162472428,Growth,2138,0.156343464214312,Growth
2017-07,2310085,1743689,566396,378325,1365364,2046769,303080,-5807,-0.251376031617884,Decline,5956,1.05156109859533,Growth,-9339,-2.46851252230225,Decline,-2424,-0.177535074895779,Decline
2017-06,2315892,1755452,560440,387664,1367788,2065166,309714,7311,0.315688296345425,Growth,-12705,-2.26696881022054,Decline,11151,2.87646002724008,Growth,8865,0.648126756485654,Growth
2017-05,2308581,1735436,573145,376513,1358923,2045906,310471,-6188,-0.268043443136715,Decline,-7535,-1.31467604183933,Decline,6713,1.78293976569202,Growth,-5366,-0.394871526937141,Decline
2017-04,2314769,1734089,580680,369800,1364289,2040939,306850,26225,1.13294242319644,Growth,20660,3.55789763725288,Growth,-3902,-1.0551649540292,Decline,9467,0.693914559158653,Growth
2017-03,2288544,1728524,560020,373702,1354822,2034187,305663,34663,1.51463113665282,Growth,10539,1.88189707510446,Growth,13295,3.55764753734259,Growth,10829,0.799293191282692,Growth
2017-02,2253881,1704400,549481,360407,1343993,1998808,294408,1903,0.084432141714669,Growth,-3383,-0.61567187946444,Decline,91,0.0252492321181331,Growth,5195,0.386534751297068,Growth
2017-01,2251978,1699114,552864,360316,1338798,1987291,288177,1128,0.050089299273794,Growth,24234,4.38335648550096,Growth,-9273,-2.57357430699719,Decline,-13833,-1.03324026477482,Decline
2016-12,2250850,1722220,528630,369589,1352631,2004607,282387,-9254,-0.411133571761779,Decline,-26118,-4.94069576074003,Decline,6657,1.80118997048072,Growth,10206,0.75452950582975,Growth
2016-11,2260104,1705356,554748,362932,1342425,1991065,285708,9755,0.431617306106268,Growth,6913,1.2461514056833,Growth,3611,0.994952222454895,Growth,-768,-0.0572098999944131,Decline
2016-10,2250349,1702514,547835,359321,1343193,1994300,291786,21633,0.961317555632482,Growth,19686,3.59341772614017,Growth,-1703,-0.473949476930099,Decline,3650,0.271740546593081,Growth
2016-09,2228716,1700567,528149,361024,1339543,1988652,288085,108,0.00484583948784861,Growth,-18736,-3.54748375931792,Decline,5593,1.54920448502039,Growth,13252,0.989292616959665,Growth
2016-08,2228608,1681722,546885,355431,1326291,1962879,281156,16875,0.757199112629947,Growth,13180,2.41001307404665,Growth,4067,1.14424459318405,Growth,-373,-0.028123541515399,Decline
2016-07,2211733,1678028,533705,351364,1326664,1964038,286010,21731,0.982532701732081,Growth,16248,3.04437844876851,Growth,-3730,-1.06157716783734,Decline,9212,0.694373255021618,Growth
2016-06,2190002,1672546,517457,355094,1317452,1943443,270898,37634,1.71844591922747,Growth,21940,4.23996583290979,Growth,10241,2.88402507505055,Growth,5454,0.413980926819345,Growth
2016-05,2152368,1656851,495517,344853,1311998,1907401,250550,23580,1.09553756606677,Growth,15448,3.11755197097173,Growth,4907,1.42292513041789,Growth,3226,0.245884521165429,Growth
2016-04,2128788,1648719,480069,339946,1308772,1892121,243403,-3161,-0.148488247772911,Decline,-5978,-1.2452376637525,Decline,-13363,-3.93091843998753,Decline,16179,1.23619698465432,Growth
2016-03,2131949,1645902,486047,353309,1292593,1894858,248957,4630,0.217172174381282,Growth,-20250,-4.1662637563857,Decline,11824,3.34664557087422,Growth,13056,1.01006271889141,Growth
2016-02,2127319,1621022,506297,341485,1279537,1874115,253094,19590,0.920877404846194,Growth,13616,2.68933057079145,Growth,-1173,-0.343499714482335,Decline,7146,0.558483263868102,Growth
2016-01,2107729,1615048,492681,342658,1272391,1861901,246852,-10919,-0.518045725992288,Decline,664,0.134772804309482,Growth,-9881,-2.88363324364235,Decline,-1701,-0.13368532157175,Decline
2015-12,2118648,1626630,492017,352539,1274092,1864713,238083,-2216,-0.104595005871669,Decline,-15795,-3.21025493021583,Decline,3989,1.13150601777392,Growth,9590,0.752692898158061,Growth
2015-11,2120864,1613052,507812,348550,1264502,1859009,245957,10017,0.472307512410037,Growth,-356,-0.0701046844107662,Decline,7886,2.26251613828719,Growth,2487,0.196678217986211,Growth
2015-10,2110847,1602679,508168,340664,1262015,1850800,248121,15219,0.720990199668664,Growth,2048,0.40301632530974,Growth,1629,0.478183782260526,Growth,11542,0.914569161222331,Growth
2015-09,2095628,1589508,506120,339035,1250473,1840317,250809,-19201,-0.916240859541865,Decline,-29664,-5.86106061803525,Decline,9606,2.83333579128999,Growth,857,0.0685340667091573,Growth
2015-08,2114829,1579045,535784,329429,1249616,1827116,248071,-11048,-0.522406303299227,Decline,-15675,-2.92561927941111,Decline,-1310,-0.397657765406203,Decline,5938,0.475185977132175,Growth
2015-07,2125877,1574417,551459,330739,1243678,1831167,256750,15574,0.732591772713097,Growth,11736,2.12817272000276,Growth,1586,0.479532199105639,Growth,2250,0.180914995682162,Growth
2015-06,2110303,1570581,539723,329153,1241428,1827075,256495,-10228,-0.484669736999853,Decline,-16881,-3.12771551332813,Decline,7426,2.25609367072456,Growth,-773,-0.0622670021942473,Decline
2015-05,2120531,1563928,556604,321727,1242201,1824533,260605,13770,0.649365654168696,Growth,4769,0.856803041300458,Growth,1793,0.55730479568081,Growth,7209,0.580340862710624,Growth
2015-04,2106761,1554926,551835,319934,1234992,1819068,264142,2905,0.137889395142591,Growth,1018,0.184475431967889,Growth,-6434,-2.011039776954,Decline,8321,0.673769546685323,Growth
2015-03,2103856,1553039,550817,326368,1226671,1814035,260996,21920,1.04189640355614,Growth,3790,0.688068814143354,Growth,15152,4.64261202078635,Growth,2978,0.242770881515908,Growth
2015-02,2081936,1534909,547027,311216,1223693,1792149,257241,-17,-0.00081654767485648,Decline,-6105,-1.11603266383561,Decline,418,0.134311860572721,Growth,5671,0.463433230393571,Growth
2015-01,2081953,1528820,553132,310798,1218022,1786184,257363,-23039,-1.10660519233623,Decline,-7872,-1.42316842995885,Decline,-6977,-2.24486644058199,Decline,-8190,-0.67240164791769,Decline
2014-12,2104992,1543987,561004,317775,1226212,1791330,247343,-2918,-0.138622854623676,Decline,-16669,-2.97128006217424,Decline,9523,2.99677444732909,Growth,4227,0.344720162582,Growth
2014-11,2107910,1530237,577673,308252,1221985,1778755,248518,5589,0.26514414752053,Growth,-2820,-0.488165450003722,Decline,3202,1.03876049466021,Growth,5207,0.426109976800043,Growth
2014-10,2102321,1521828,580493,305050,1216778,1768901,247073,-4257,-0.20249048551577,Decline,-14012,-2.41381033018486,Decline,720,0.236026880839207,Growth,9035,0.74253479270664,Growth
2014-09,2106578,1512073,594505,304330,1207743,1773104,261031,-12958,-0.615120826287942,Decline,-20360,-3.42469785788177,Decline,5118,1.68172707258568,Growth,2284,0.189113081177038,Growth
2014-08,2119536,1504671,614865,299212,1205459,1763139,258468,12500,0.589751719244212,Growth,6621,1.07682174135786,Growth,-1408,-0.470569362191356,Decline,7287,0.604500028619804,Growth
2014-07,2107036,1498792,608244,300620,1198172,1754870,256078,-2167,-0.102845893473106,Decline,-1761,-0.289521968157516,Decline,302,0.100459051293992,Growth,-708,-0.0590900137876699,Decline
2014-06,2109203,1499198,610005,300318,1198880,1761677,262479,9374,0.444433276455609,Growth,1906,0.312456455274957,Growth,6103,2.03217922335658,Growth,1365,0.113856265848125,Growth
2014-05,2099829,1491729,608099,294215,1197515,1747652,255923,-1152,-0.0548616101596844,Decline,-10946,-1.80003584942583,Decline,2967,1.00844620430637,Growth,6828,0.570180749301679,Growth
2014-04,2100981,1481936,619045,291248,1190687,1741499,259563,-6998,-0.333082498128255,Decline,-10814,-1.74688431374133,Decline,-1790,-0.614596495083228,Decline,5605,0.470736641955443,Growth
2014-03,2107979,1478120,629859,293038,1185082,1737718,259598,-34778,-1.64982668233412,Decline,-44856,-7.12159388053517,Decline,5350,1.82570178611648,Growth,4728,0.398959734431879,Growth
2014-02,2142757,1468042,674715,287688,1180354,1723298,255256,20861,0.973558830982701,Growth,7636,1.1317371038142,Growth,5931,2.06160840910987,Growth,7294,0.617950208157892,Growth
2014-01,2121896,1454817,667079,281757,1173060,1706843,252026,15608,0.73556856697972,Growth,26135,3.91782682410929,Growth,-8027,-2.84890881149359,Decline,-2500,-0.213117828585068,Decline
2013-12,2106288,1465344,640944,289784,1175560,1714185,248841,-42472,-2.01643839778796,Decline,-47976,-7.48520931625852,Decline,7297,2.51808243381277,Growth,-1793,-0.1525230528429,Decline
2013-11,2148760,1459840,688920,282487,1177353,1723706,263867,10570,0.491911614140248,Growth,-1761,-0.255617488242466,Decline,3855,1.36466456863502,Growth,8476,0.719920023986009,Growth
2013-10,2138190,1447509,690681,278632,1168877,1705271,257762,-1836,-0.0858670183660011,Decline,-6905,-0.999737939801442,Decline,906,0.325160067759626,Growth,4163,0.35615381259106,Growth
2013-09,2140026,1442440,697586,277726,1164714,1699330,256890,10527,0.491909911374909,Growth,4024,0.57684643900537,Growth,4629,1.66675068232719,Growth,1874,0.160897868489603,Growth
2013-08,2129499,1435937,693562,273097,1162840,1693002,257065,21024,0.987274471601067,Growth,17442,2.51484366213835,Growth,-2589,-0.948014807925389,Decline,6170,0.530597502665887,Growth
2013-07,2108475,1432355,676120,275686,1156670,1680487,248132,11286,0.535268381175968,Growth,14142,2.09164053718275,Growth,-664,-0.240853724889911,Decline,-2191,-0.189423085236066,Decline
2013-06,2097189,1435210,661978,276350,1158861,1685912,250702,2526,0.120446941119756,Growth,-4888,-0.738393118804552,Decline,3653,1.32187443459381,Growth,3762,0.324629097018538,Growth
2013-05,2094663,1427796,666866,272697,1155099,1678828,251031,3745,0.178787709526544,Growth,-7366,-1.10456973364964,Decline,3372,1.23653725563538,Growth,7738,0.669899290017566,Growth
2013-04,2090918,1416686,674232,269325,1147361,1671311,254625,-2409,-0.115212552572602,Decline,-2987,-0.443022579764829,Decline,-583,-0.216467093660076,Decline,1162,0.101275884399069,Growth
2013-03,2093327,1416108,677219,269908,1146199,1669330,253223,-2672,-0.127643698285074,Decline,-17861,-2.63740385311103,Decline,3594,1.33156482949746,Growth,11594,1.01151719727552,Growth
2013-02,2095999,1400919,695080,266314,1134605,1648060,247142,4584,0.218702394419081,Growth,-4870,-0.700638775392761,Decline,1216,0.456603858603002,Growth,8237,0.725979525914305,Growth
2013-01,2091415,1391465,699950,265098,1126368,1636826,245361,-131,-0.00626370184779204,Decline,6718,0.959782841631545,Growth,-275,-0.103735222446039,Decline,-6573,-0.58355706128015,Decline
2012-12,2091546,1398314,693232,265373,1132941,1640803,242489,15499,0.741030797314522,Growth,7095,1.02346689131488,Growth,5267,1.98475353558953,Growth,3138,0.276978236289445,Growth
2012-11,2076047,1389910,686137,260106,1129803,1647955,258046,993,0.0478312870566032,Growth,-10966,-1.59822309538766,Decline,2598,0.998823556550022,Growth,9361,0.82855152623953,Growth
2012-10,2075054,1377950,697103,257508,1120442,1636938,258987,-5629,-0.271270048875836,Decline,-7413,-1.06340096083362,Decline,-964,-0.374357301520729,Decline,2748,0.245260352610845,Growth
2012-09,2080683,1376167,704516,258472,1117694,1634644,258477,3752,0.180325402764381,Growth,-2843,-0.403539451197702,Decline,3446,1.33321984586338,Growth,3148,0.281651328538938,Growth
2012-08,2076931,1369572,707359,255026,1114546,1628527,258955,11786,0.567471909273828,Growth,2195,0.310309192362011,Growth,140,0.0548963635080345,Growth,9450,0.847878867269722,Growth
2012-07,2065145,1359981,705164,254886,1105096,1614760,254778,-2670,-0.129288742436972,Decline,-769,-0.10905264590932,Decline,-1861,-0.730130332776222,Decline,-39,-0.00352910516371428,Decline
2012-06,2067815,1361882,705933,256747,1105135,1613689,251806,-20700,-1.00105667093043,Decline,-35861,-5.07994384736229,Decline,1328,0.517240707778475,Growth,13832,1.25161179403421,Growth
2012-05,2088515,1346722,741794,255419,1091303,1594528,247806,3402,0.162890857858335,Growth,-4308,-0.580754225566667,Decline,5428,2.12513556156746,Growth,2284,0.209291095140396,Growth
2012-04,2085113,1339011,746102,249991,1089019,1595243,256232,16088,0.77156489840119,Growth,13474,1.80591929789761,Growth,-1504,-0.601621658379702,Decline,4117,0.378046664015963,Growth
2012-03,2069025,1336397,732628,251495,1084902,1589518,253121,3005,0.145237491088798,Growth,-13609,-1.85755936164056,Decline,5597,2.2254915604684,Growth,11017,1.01548342615278,Growth
2012-02,2066020,1319783,746237,245898,1073885,1562462,242679,-27971,-1.35385911075401,Decline,-36222,-4.85395390472464,Decline,985,0.400572595141075,Growth,7265,0.676515641805221,Growth
2012-01,2093991,1311532,782459,244913,1066620,1557788,246256,4124,0.196944494985891,Growth,16244,2.0760193185841,Growth,-6690,-2.73158223532438,Decline,-5429,-0.508991018357053,Decline
2011-12,2089867,1323652,766215,251603,1072049,1560735,237084,-19945,-0.954366952538128,Decline,-32182,-4.20012659632088,Decline,3718,1.4777248284003,Growth,8519,0.794646513358998,Growth
2011-11,2109812,1311415,798397,247885,1063530,1565478,254063,-11329,-0.536967274809319,Decline,-16033,-2.00814882821453,Decline,2077,0.837888537023216,Growth,2627,0.24700760674358,Growth
2011-10,2121141,1306712,814430,245808,1060903,1566269,259558,-13153,-0.62009079075837,Decline,-10851,-1.33234286556242,Decline,-4368,-1.77699668033587,Decline,2066,0.194739764144319,Growth
2011-09,2134294,1309013,825281,250176,1058837,1563890,254876,-9003,-0.421825671627245,Decline,-20902,-2.53271310014407,Decline,5762,2.30317856229215,Growth,6137,0.579598181778687,Growth
2011-08,2143297,1297114,846183,244414,1052700,1562102,264988,-9190,-0.428778652701889,Decline,-7719,-0.912214024625879,Decline,-412,-0.168566448730433,Decline,-1058,-0.100503467274627,Decline
2011-07,2152487,1298585,853902,244826,1053758,1557298,258713,-3040,-0.141231979565963,Decline,1099,0.128703293820602,Growth,-7070,-2.88776518833784,Decline,2931,0.278147354515932,Growth
2011-06,2155527,1302723,852803,251896,1050827,1554740,252016,-5774,-0.267869527962303,Decline,-11970,-1.40360669462936,Decline,5645,2.24100422396545,Growth,550,0.052339728613749,Growth
2011-05,2161301,1296528,864773,246251,1050277,1550711,254183,-420,-0.01943273981736,Decline,-711,-0.0822181081046702,Decline,5601,2.2745085299146,Growth,-5310,-0.505580908655526,Decline
2011-04,2161721,1296237,865484,240650,1055587,1548571,252334,-918,-0.042466164690078,Decline,876,0.101215042681321,Growth,-9498,-3.94681072096406,Decline,7704,0.729830890300847,Growth
2011-03,2162639,1298031,864608,250148,1047883,1553591,255559,17549,0.811462292134748,Growth,419,0.048461267996595,Growth,11194,4.47495082910917,Growth,5936,0.566475455752217,Growth
2011-02,2145090,1280902,864189,238954,1041947,1535510,254608,-4851,-0.226144357579402,Decline,-6557,-0.75874606133612,Decline,-2343,-0.980523448027654,Decline,4048,0.388503445952625,Growth
2011-01,2149941,1279196,870746,241297,1037899,1531616,252420,-6102,-0.283821742085015,Decline,11873,1.36354344435691,Growth,-11882,-4.9242220168506,Decline,-6092,-0.586954992730507,Decline
2010-12,2156043,1297170,858873,253179,1043991,1570894,273724,-21842,-1.01305957255955,Decline,-31637,-3.68354809151062,Decline,4899,1.93499460855758,Growth,4896,0.468969560082415,Growth
2010-11,2177885,1287375,890510,248280,1039095,1557605,270231,-10174,-0.467150469377401,Decline,-20318,-2.28161390663777,Decline,3295,1.32713065893346,Growth,6849,0.659131263262743,Growth
2010-10,2188059,1277231,910828,244985,1032246,1546652,269421,4808,0.219738133203904,Growth,5808,0.637661556298225,Growth,-4606,-1.88011510908831,Decline,3606,0.349335332856703,Growth
2010-09,2183251,1278231,905020,249591,1028640,1560322,282091,8997,0.412091875831043,Growth,2057,0.227287794744868,Growth,4433,1.77610570893983,Growth,2507,0.243719863120236,Growth
2010-08,2174254,1271291,902963,245158,1026133,1553979,282688,-26017,-1.19659432614589,Decline,-24305,-2.691693901079,Decline,-557,-0.227200417689816,Decline,-1156,-0.112655961751547,Decline
2010-07,2200271,1273004,927268,245715,1027289,1554948,281945,104,0.00472669048494481,Growth,4883,0.526600723846827,Growth,-2527,-1.02842724294406,Decline,-2251,-0.219120422782683,Decline
2010-06,2200167,1277782,922385,248242,1029540,1563902,286120,-490,-0.0222710366985779,Decline,-6544,-0.709465136575291,Decline,6431,2.5906172202931,Growth,-378,-0.0367154263068943,Decline
2010-05,2200657,1271729,928929,241811,1029918,1560374,288645,-12685,-0.576418769485658,Decline,-14284,-1.53768479614696,Decline,2057,0.85066436183631,Growth,-457,-0.0443724646039782,Decline
2010-04,2213342,1270129,943213,239754,1030375,1557027,286898,-6187,-0.27953203797696,Decline,-5236,-0.555123816147572,Decline,-7465,-3.11360811498453,Decline,6515,0.632294067693801,Growth
2010-03,2219529,1271079,948449,247219,1023860,1560327,289248,10138,0.456763574614254,Growth,-6421,-0.67700002846753,Decline,8159,3.30031267823266,Growth,8399,0.820326997831735,Growth
2010-02,2209391,1254520,954870,239060,1015461,1536725,282204,211,0.00955014300320767,Growth,-9543,-0.999403060102422,Decline,2566,1.07337070191584,Growth,7188,0.7078558408447,Growth
2010-01,2209180,1244767,964413,236494,1008273,1535496,290729,167321,7.57389619677889,Growth,182108,18.8827815469099,Growth,-9973,-4.21702030495488,Decline,-4814,-0.477450055689283,Decline
2009-12,2041859,1259554,782305,246467,1013087,1539536,279982,-14689,-0.719393454690064,Decline,-26680,-3.41043454918478,Decline,6845,2.7772480697213,Growth,5145,0.507853718387463,Growth
2009-11,2056548,1247563,808985,239622,1007942,1543159,295596,-3590,-0.174564367085038,Decline,-6640,-0.820781596692151,Decline,4091,1.70727228718565,Growth,-1039,-0.103081328092291,Decline
2009-10,2060138,1244512,815625,235531,1008981,1539152,294639,50964,2.47381486094621,Growth,47912,5.87426819923372,Growth,-2533,-1.07544229846602,Decline,5584,0.553429648328363,Growth
2009-09,2009174,1241461,767713,238064,1003397,1532206,290745,20930,1.04172162291569,Growth,18235,2.37523657929461,Growth,3401,1.42860743329525,Growth,-706,-0.0703609837382412,Decline
2009-08,1988244,1238766,749478,234663,1004103,1541220,302455,1938,0.0974729459764496,Growth,194,0.025884682405621,Growth,-2216,-0.944332937020323,Decline,3961,0.394481442640845,Growth
2009-07,1986306,1237021,749284,236879,1000142,1538535,301514,8892,0.447665163373619,Growth,12853,1.71537094079148,Growth,-4326,-1.82624884434669,Decline,364,0.0363948319338654,Growth
2009-06,1977414,1240983,736431,241205,999778,1549348,308365,-5045,-0.25513119660324,Decline,-9049,-1.2287641340465,Decline,4663,1.93321033975249,Growth,-660,-0.0660146552534663,Decline
2009-05,1982459,1236979,745480,236542,1000438,NaN,NaN,2626,0.132461755829503,Growth,-2975,-0.39907173901379,Decline,1608,0.67979470876208,Growth,3995,0.399325095608124,Growth
2009-04,1979833,1231378,748455,234934,996443,NaN,NaN,-30682,-1.54972666886551,Decline,-33683,-4.50033736163163,Decline,-2956,-1.25822571445597,Decline,5956,0.5977261117796,Growth
2009-03,2010515,1228377,782138,237890,990487,NaN,NaN,19024,0.946225220901112,Growth,12568,1.60687755869169,Growth,2855,1.20013451595275,Growth,3601,0.363558532317941,Growth
2009-02,1991491,1221921,769570,235035,986886,NaN,NaN,21949,1.10213905059074,Growth,9350,1.21496420078745,Growth,7557,3.21526581147489,Growth,5042,0.510899941837254,Growth
2009-01,1969542,1209322,760220,227478,981844,NaN,NaN,32303,1.64012750172375,Growth,46923,6.17229223119623,Growth,-8504,-3.73838349203,Decline,-6116,-0.622909545711946,Decline
2008-12,1937239,1223942,713297,235982,987960,NaN,NaN,28892,1.49140090613497,Growth,20857,2.92402743878076,Growth,6317,2.67689908552347,Growth,1718,0.173893679906069,Growth
2008-11,1908347,1215907,692440,229665,986242,NaN,NaN,27786,1.4560245070734,Growth,19384,2.79937611923055,Growth,-7,-0.00304791761914092,Decline,8410,0.85273188527765,Growth
2008-10,1880561,1207504,673056,229672,977832,NaN,NaN,57686,3.06748890357718,Growth,63366,9.41466980459278,Growth,-6080,-2.64725347452019,Decline,399,0.0408045553837469,Growth
2008-09,1822875,1213185,609690,235752,977433,NaN,NaN,36759,2.01653980662415,Growth,34000,5.57660450392823,Growth,1432,0.607417964640809,Growth,1328,0.135866090054254,Growth
2008-08,1786116,1210426,575690,234320,976105,NaN,NaN,21014,1.17651933021148,Growth,22255,3.86579582761556,Growth,-3993,-1.7040798907477,Decline,2751,0.281834433795545,Growth
2008-07,1765102,1211667,553435,238313,973354,NaN,NaN,-2473,-0.140105217715463,Decline,4634,0.837316035306766,Growth,-5138,-2.15598813325333,Decline,-1969,-0.20229022534453,Decline
2008-06,1767575,1218774,548801,243451,975323,NaN,NaN,30855,1.74561192594374,Growth,25484,4.64357754450156,Growth,3379,1.38795897326361,Growth,1992,0.204240031251186,Growth
2008-05,1736720,1213403,523317,240072,973331,NaN,NaN,12064,0.694642774885992,Growth,2880,0.550335647418295,Growth,1620,0.67479756073178,Growth,7564,0.777125150642484,Growth
2008-04,1724656,1204219,520437,238452,965767,NaN,NaN,6036,0.349982837157091,Growth,2222,0.426948891028117,Growth,-6616,-2.77456259540704,Decline,10430,1.07997063473902,Growth
2008-03,1718620,1200405,518215,245068,955337,NaN,NaN,29362,1.70846376744132,Growth,14160,2.73245660584892,Growth,5062,2.06554915370428,Growth,10140,1.06140555636388,Growth
2008-02,1689258,1185202,504055,240006,945197,NaN,NaN,7900,0.467660949363567,Growth,-2934,-0.582079336580334,Decline,3633,1.51371215719607,Growth,7201,0.761851762119431,Growth
2008-01,1681358,1174369,506989,236373,937996,NaN,NaN,7432,0.442023649930592,Growth,19460,3.83834757756085,Growth,-9042,-3.82530999733472,Decline,-2686,-0.28635516569367,Decline
2007-12,1673926,1186097,487529,245415,940682,NaN,NaN,25595,1.52904011288432,Growth,11077,2.27206996917106,Growth,5822,2.37230813112483,Growth,8396,0.892543920262108,Growth
2007-11,1648331,1171879,476452,239593,932286,NaN,NaN,5854,0.3551471154762,Growth,-3737,-0.784339240888904,Decline,2229,0.93032768069184,Growth,7362,0.789671838899222,Growth
2007-10,1642477,1162287,480189,237364,924924,NaN,NaN,-4528,-0.275681181532527,Decline,-6968,-1.45109529789312,Decline,-2671,-1.12527594748993,Decline,5112,0.552694059187566,Growth
2007-09,1647005,1159847,487157,240035,919812,NaN,NaN,23117,1.40357800978139,Growth,12631,2.59279862549445,Growth,4293,1.78848917866144,Growth,6193,0.673289759211665,Growth
2007-08,1623888,1149362,474526,235742,913619,NaN,NaN,20553,1.26566610505158,Growth,16856,3.55217627695848,Growth,-1176,-0.498850438190904,Decline,4872,0.533263866009792,Growth
2007-07,1603335,1145665,457670,236918,908747,NaN,NaN,2302,0.143575734328759,Growth,6507,1.42176677518736,Growth,-5876,-2.4801830169088,Decline,1671,0.183879561638168,Growth
2007-06,1601033,1149870,451163,242794,907076,NaN,NaN,23315,1.45624731033027,Growth,9383,2.07973614857601,Growth,3325,1.36947371022348,Growth,10608,1.16947201778021,Growth
2007-05,1577718,1135937,441780,239469,896468,NaN,NaN,20863,1.32235291731475,Growth,11526,2.60899090044819,Growth,3959,1.65324112933198,Growth,5377,0.599798319627694,Growth
2007-04,1556855,1126601,430254,235510,891091,NaN,NaN,13375,0.85910377010062,Growth,3735,0.868091871313224,Growth,3492,1.48273958642945,Growth,6149,0.690052979998676,Growth
2007-03,1543480,1116960,426519,232018,884942,NaN,NaN,36905,2.39102547490087,Growth,15012,3.51965563081598,Growth,9131,3.93547052383867,Growth,12760,1.44190240716341,Growth
2007-02,1506575,1095068,411507,222887,872182,NaN,NaN,15026,0.997361565139472,Growth,5731,1.39268590813765,Growth,623,0.279513834364499,Growth,8673,0.994402544423068,Growth
2007-01,1491549,1085773,405776,222264,863509,NaN,NaN,-7414,-0.497067142950047,Decline,2457,0.60550648633729,Growth,-4541,-2.04306590361012,Decline,-5330,-0.617248922709549,Decline
2006-12,1498963,1095644,403319,226805,868839,NaN,NaN,19111,1.27494808077317,Growth,13473,3.34053193625889,Growth,-1574,-0.693988227772756,Decline,7212,0.830073235662764,Growth
2006-11,1479852,1090006,389846,228379,861627,NaN,NaN,10408,0.703313574600703,Growth,-5837,-1.4972578915777,Decline,9479,4.15055674996388,Growth,6766,0.785258586372061,Growth
2006-10,1469444,1073761,395683,218900,854861,NaN,NaN,8991,0.611864079202746,Growth,5040,1.27374691356465,Growth,967,0.441754225673824,Growth,2986,0.349296552304995,Growth
2006-09,1460453,1069809,390643,217933,851875,NaN,NaN,33118,2.26765257081193,Growth,20203,5.17172968669604,Growth,4008,1.83909733725503,Growth,8906,1.04545854732208,Growth
2006-08,1427335,1056895,370440,213925,842969,NaN,NaN,8625,0.604272998280011,Growth,2018,0.544757585573912,Growth,1918,0.896575902769662,Growth,4688,0.556129584836453,Growth
2006-07,1418710,1050288,368422,212007,838281,NaN,NaN,-1781,-0.125536579004871,Decline,-268,-0.0727426700902769,Decline,-3446,-1.62541802865,Decline,1932,0.230471643756688,Growth
2006-06,1420491,1051801,368690,215453,836349,NaN,NaN,33851,2.38304924142427,Growth,18245,4.94860180639562,Growth,7914,3.67319090474489,Growth,7693,0.919831314439307,Growth
2006-05,1386640,1036195,350445,207539,828656,NaN,NaN,6921,0.499120175387988,Growth,4025,1.14853971379246,Growth,1723,0.830205407176483,Growth,1173,0.141554517194107,Growth
2006-04,1379719,1033299,346420,205816,827483,NaN,NaN,13724,0.994695296650985,Growth,4699,1.35644593268287,Growth,-2008,-0.975628716912193,Decline,11033,1.33332044283689,Growth
2006-03,1365995,1024274,341721,207824,816450,NaN,NaN,30369,2.22321457984839,Growth,9570,2.8005302571396,Growth,10501,5.05283316652552,Growth,10298,1.26131422622328,Growth
2006-02,1335626,1003475,332151,197323,806152,NaN,NaN,16020,1.19943756710337,Growth,6651,2.00240252174463,Growth,2181,1.10529436507655,Growth,7188,0.891643263305183,Growth
2006-01,1319606,994107,325500,195142,798964,NaN,NaN,-8711,-0.660121278624074,Decline,2132,0.654992319508448,Growth,-7284,-3.73266646852036,Decline,-3559,-0.445451860158906,Decline
2005-12,1328317,1004949,323368,202426,802523,NaN,NaN,20101,1.51326829363774,Growth,9314,2.88030973998664,Growth,3886,1.91971387074783,Growth,6901,0.859913049221019,Growth
2005-11,1308216,994162,314054,198540,795622,NaN,NaN,20239,1.54706867978988,Growth,5888,1.87483681150375,Growth,7266,3.65971592626171,Growth,7085,0.890498251682332,Growth
2005-10,1287977,979811,308166,191274,788537,NaN,NaN,10822,0.840232395454267,Growth,8454,2.74332664862444,Growth,-525,-0.274475359954829,Decline,2893,0.366881959882669,Growth
2005-09,1277155,977443,299712,191799,785644,NaN,NaN,21684,1.69783620625531,Growth,16091,5.36882073457186,Growth,-768,-0.400419188838315,Decline,6362,0.809781529547734,Growth
2005-08,1255471,971849,283621,192567,779282,NaN,NaN,-921,-0.0733589226672699,Decline,-610,-0.215075752500696,Decline,-190,-0.0986669574745413,Decline,-122,-0.0156554366711922,Decline
2005-07,1256392,972161,284231,192757,779404,NaN,NaN,5827,0.463788371782055,Growth,4013,1.41187977384592,Growth,-2704,-1.40280249225709,Decline,4518,0.579673699390817,Growth
2005-06,1250565,970347,280218,195461,774886,NaN,NaN,8398,0.671536465517586,Growth,-771,-0.275142924437402,Decline,3244,1.65966612265362,Growth,5926,0.764757654674365,Growth
2005-05,1242167,961178,280989,192217,768960,NaN,NaN,18491,1.48860821451544,Growth,7188,2.55810725686771,Growth,7780,4.04750880515251,Growth,3522,0.458021223470662,Growth
2005-04,1223676,949875,273801,184437,765438,NaN,NaN,6731,0.550063905805131,Growth,-3317,-1.21146380035135,Decline,-768,-0.416402348769499,Decline,10816,1.41304717037827,Growth
2005-03,1216945,939827,277118,185205,754622,NaN,NaN,27811,2.28531281200054,Growth,8509,3.07053313029107,Growth,10977,5.9269458167976,Growth,8325,1.10320133788837,Growth
2005-02,1189134,920525,268609,174228,746297,NaN,NaN,11645,0.979284084047719,Growth,10018,3.72958463789374,Growth,-4047,-2.32281837592121,Decline,5675,0.760421119205893,Growth
2005-01,1177489,918897,258591,178275,740622,NaN,NaN,-1724,-0.146413257363763,Decline,4334,1.67600573879215,Growth,-2885,-1.61828635534988,Decline,-3174,-0.428558697959283,Decline
2004-12,1179213,924956,254257,181160,743796,NaN,NaN,12441,1.05502568238308,Growth,5088,2.00112484612026,Growth,1539,0.849525281519099,Growth,5814,0.781665940661149,Growth
2004-11,1166772,917603,249169,179621,737982,NaN,NaN,8344,0.715135433486577,Growth,-1,-0.000401334034330113,Decline,4899,2.72740937863613,Growth,3446,0.466949058378118,Growth
2004-10,1158428,909258,249170,174722,734536,NaN,NaN,9942,0.858232017872496,Growth,4554,1.82766785728619,Growth,-3770,-2.15771339613786,Decline,9158,1.24677347332193,Growth
2004-09,1148486,903870,244616,178492,725378,NaN,NaN,5236,0.455904556085142,Growth,-1196,-0.488929587598522,Decline,1892,1.05999148421218,Growth,4540,0.62588057536898,Growth
2004-08,1143250,897438,245812,176600,720838,NaN,NaN,9914,0.867176907937896,Growth,4137,1.68299350723317,Growth,2145,1.21460928652322,Growth,3633,0.50399673713095,Growth
2004-07,1133336,891661,241675,174455,717205,NaN,NaN,-94,-0.00829409813153381,Decline,-2564,-1.06092893348505,Decline,-2806,-1.60843770599868,Decline,5275,0.735494035875377,Growth
2004-06,1133430,889191,244239,177261,711930,NaN,NaN,12235,1.07946675136532,Growth,3548,1.45267545314221,Growth,5527,3.11800113956257,Growth,3161,0.444004326268032,Growth
2004-05,1121195,880503,240691,171734,708769,NaN,NaN,12015,1.07162447210343,Growth,5723,2.37773743097997,Growth,2762,1.60830121001083,Growth,3528,0.497764433828229,Growth
2004-04,1109180,874213,234968,168972,705241,NaN,NaN,7256,0.654176959555708,Growth,-2672,-1.13717612611079,Decline,-663,-0.3923727008025,Decline,10592,1.50189793276341,Growth
2004-03,1101924,864284,237640,169635,694649,NaN,NaN,14016,1.27195704966949,Growth,-2377,-1.00025248274701,Decline,9412,5.54838329354202,Growth,6981,1.0049679766328,Growth
2004-02,1087908,847891,240017,160223,687668,NaN,NaN,7594,0.698036966361126,Growth,4453,1.85528525062808,Growth,-594,-0.370733290476399,Decline,3735,0.543140003606391,Growth
2004-01,1080314,844750,235564,160817,683933,NaN,NaN,-983,-0.0909920634185987,Decline,8901,3.77859095617327,Growth,-8167,-5.078443199413,Decline,-1717,-0.251047982770242,Decline
2003-12,1081297,854634,226663,168984,685650,NaN,NaN,10739,0.993159141290506,Growth,2141,0.944574103404614,Growth,4437,2.62569237324244,Growth,4160,0.606723546999198,Growth
2003-11,1070558,846037,224522,164547,681490,NaN,NaN,15538,1.45139263823165,Growth,1846,0.822191143852273,Growth,6578,3.99764201109713,Growth,7115,1.0440358625952,Growth
2003-10,1055020,832344,222676,157969,674375,NaN,NaN,3858,0.365680271464048,Growth,-3567,-1.60187896315723,Decline,-1734,-1.09768372275573,Decline,9160,1.35829471733086,Growth
2003-09,1051162,824919,226243,159703,665215,NaN,NaN,10877,1.03475962791653,Growth,5284,2.33554187311873,Growth,4992,3.12580227046455,Growth,600,0.090196402666807,Growth
2003-08,1040285,819326,220959,154711,664615,NaN,NaN,3568,0.34298293256175,Growth,-3667,-1.6595839047063,Decline,1454,0.939816819747788,Growth,5781,0.869826892260933,Growth
2003-07,1036717,812092,224626,153257,658834,NaN,NaN,-11390,-1.09866048304407,Decline,-8749,-3.89491866480283,Decline,-2993,-1.95292874061217,Decline,353,0.0535795056114287,Growth
2003-06,1048107,814732,233375,156250,658481,NaN,NaN,14755,1.4077761144616,Growth,8767,3.75661489019818,Growth,2758,1.76512,Growth,3229,0.490371020576144,Growth
2003-05,1033352,808743,224608,153492,655252,NaN,NaN,4066,0.39347676300041,Growth,-1091,-0.485735147456903,Decline,531,0.34594636854038,Growth,4627,0.706140538296716,Growth
2003-04,1029286,803586,225699,152961,650625,NaN,NaN,8652,0.840582695188704,Growth,3622,1.60479222327082,Growth,-2175,-1.42193108047149,Decline,7204,1.10724303554275,Growth
2003-03,1020634,798557,222077,155136,643421,NaN,NaN,15823,1.55031088519489,Growth,1886,0.849254988134746,Growth,9284,5.98442656765677,Growth,4654,0.723321122562055,Growth
2003-02,1004811,784619,220191,145852,638767,NaN,NaN,10498,1.04477359423812,Growth,5091,2.31208360014715,Growth,-14,-0.00959877135726627,Decline,5419,0.848353155375904,Growth
2003-01,994313,779213,215100,145866,633348,NaN,NaN,-14430,-1.45125327738851,Decline,-6466,-3.00604370060437,Decline,-8816,-6.04390330851604,Decline,853,0.134681091595774,Growth
2002-12,1008743,787177,221566,154682,632495,NaN,NaN,5995,0.594304000126891,Growth,-1536,-0.693247158860114,Decline,6038,3.9034923261918,Growth,1493,0.236049296832386,Growth
2002-11,1002748,779646,223102,148644,631002,NaN,NaN,7960,0.793818586524231,Growth,-1219,-0.546386854443259,Decline,1198,0.805952477059283,Growth,7981,1.26481374068545,Growth
2002-10,994788,770467,224321,147446,623021,NaN,NaN,5359,0.538707744765719,Growth,436,0.194364326121941,Growth,-493,-0.334359697787665,Decline,5416,0.869312591389375,Growth
2002-09,989429,765544,223885,147939,617605,NaN,NaN,7090,0.716574913409653,Growth,2806,1.25332201800031,Growth,2808,1.89807961389492,Growth,1476,0.238987702495932,Growth
2002-08,982339,761260,221079,145131,616129,NaN,NaN,11457,1.16629798877984,Growth,6669,3.01656873787198,Growth,552,0.380346032205387,Growth,4236,0.687518360603056,Growth
2002-07,970882,756472,214410,144579,611893,NaN,NaN,-4841,-0.498618781685107,Decline,-3260,-1.52045147147988,Decline,-2454,-1.6973419376258,Decline,874,0.142835430377533,Growth
2002-06,975723,758053,217670,147033,611019,NaN,NaN,16537,1.69484577077716,Growth,8536,3.92153259521294,Growth,2839,1.93085905885073,Growth,5162,0.844818246241115,Growth
2002-05,959186,750051,209134,144194,605857,NaN,NaN,3979,0.414830908708009,Growth,-5736,-2.74273910507139,Decline,2443,1.69424525292315,Growth,7270,1.19995312425209,Growth
2002-04,955207,740337,214870,141751,598587,NaN,NaN,-6,-0.000628136100342648,Decline,-1879,-0.87448224507842,Decline,-781,-0.5509661307504,Decline,2644,0.441706886384101,Growth
2002-03,955213,738475,216749,142532,595943,NaN,NaN,13603,1.42408028366448,Growth,1939,0.894583135331651,Growth,3860,2.70816378076502,Growth,7815,1.31136702671229,Growth
2002-02,941610,726800,214810,138672,588128,NaN,NaN,10479,1.11288112912989,Growth,6691,3.11484567757553,Growth,-950,-0.6850698050075,Decline,4739,0.805776973720007,Growth
2002-01,931131,723012,208119,139622,583389,NaN,NaN,-11466,-1.23140567761142,Decline,-2348,-1.12820069287283,Decline,-6184,-4.42910143100657,Decline,-2936,-0.503266259734071,Decline
2001-12,942597,732131,210467,145806,586325,NaN,NaN,-3379,-0.358477695133763,Decline,-10742,-5.10388802044976,Decline,4637,3.18025321317367,Growth,2727,0.465100413593144,Growth
2001-11,945976,724767,221209,141169,583598,NaN,NaN,3579,0.378339408187946,Growth,-5584,-2.52430958957366,Decline,2642,1.87151570103918,Growth,6513,1.11600793697031,Growth
2001-10,942397,715612,226793,138527,577085,NaN,NaN,5295,0.561865116293876,Growth,4573,2.01637616681291,Growth,-2640,-1.90576566301154,Decline,3370,0.583969432579256,Growth
2001-09,937102,714881,222220,141167,573715,NaN,NaN,6798,0.725427968353498,Growth,-800,-0.360003600036,Decline,3119,2.20943988325884,Growth,4479,0.78070121924649,Growth
2001-08,930304,707285,223020,138048,569236,NaN,NaN,11525,1.23884235690699,Growth,7566,3.39252085014797,Growth,-691,-0.500550533147891,Decline,4650,0.816884385386729,Growth
2001-07,918779,703325,215454,138739,564586,NaN,NaN,-2722,-0.296262757420446,Decline,484,0.224641918924689,Growth,-3564,-2.568852305408,Decline,359,0.0635864155327975,Growth
2001-06,921501,706531,214970,142303,564227,NaN,NaN,12153,1.31882656665592,Growth,-969,-0.450760571242499,Decline,6899,4.84810580240754,Growth,6222,1.10274765298364,Growth
2001-05,909348,693409,215939,135404,558005,NaN,NaN,3684,0.405125430528247,Growth,-1382,-0.639995554300057,Decline,1592,1.17574074621134,Growth,3473,0.622395856667951,Growth
2001-04,905664,688344,217321,133812,554532,NaN,NaN,-83,-0.00916454667514663,Decline,-1900,-0.874282743039099,Decline,-1982,-1.48118255462888,Decline,3801,0.685442859925126,Growth
2001-03,905747,686526,219221,135794,550731,NaN,NaN,20151,2.22479345777574,Growth,5923,2.70183969601452,Growth,7110,5.23587198256182,Growth,7117,1.29228243915814,Growth
2001-02,885596,672298,213298,128684,543614,NaN,NaN,4586,0.517843350692641,Growth,2343,1.09846318296468,Growth,-1249,-0.970594634919648,Decline,3493,0.642551516333281,Growth
2001-01,881010,670054,210955,129933,540121,NaN,NaN,-3863,-0.438474024131395,Decline,6837,3.24097556350881,Growth,-8393,-6.45948296429698,Decline,-2309,-0.427496801642595,Decline
2000-12,884873,680755,204118,138326,542430,NaN,NaN,9793,1.10671248868482,Growth,-1338,-0.655503189331661,Decline,3791,2.74062721397279,Growth,7342,1.35353870545508,Growth
2000-11,875080,669623,205456,134535,535088,NaN,NaN,436,0.0498240160899575,Growth,-4380,-2.13184331438362,Decline,-219,-0.162782918943026,Decline,5034,0.940779834345005,Growth
2000-10,874644,664808,209836,134754,530054,NaN,NaN,8211,0.938781950142001,Growth,10028,4.7789702434282,Growth,-2376,-1.76321296584888,Decline,559,0.105460953034974,Growth
2000-09,866433,666625,199808,137130,529495,NaN,NaN,-800,-0.0923325865935393,Decline,-6068,-3.03691543882127,Decline,-365,-0.2661707868446,Decline,5632,1.0636549920207,Growth
2000-08,867233,661358,205876,137495,523863,NaN,NaN,14950,1.7238735149608,Growth,5110,2.48207658979191,Growth,6670,4.85108549401796,Growth,3172,0.605501820132363,Growth
2000-07,852283,651516,200766,130825,520691,NaN,NaN,-3998,-0.469093012532222,Decline,-1569,-0.781506828845522,Decline,-3066,-2.34358876361552,Decline,636,0.122145379889416,Growth
2000-06,856281,653946,202335,133891,520055,NaN,NaN,8703,1.0163719620078,Growth,2757,1.36259174141893,Growth,2615,1.95308123772322,Growth,3331,0.64050917691398,Growth
2000-05,847578,648000,199578,131276,516724,NaN,NaN,6687,0.788953936982791,Growth,3685,1.84639589533917,Growth,2762,2.10396416709833,Growth,240,0.0464464588445669,Growth
2000-04,840891,644998,195893,128514,516484,NaN,NaN,4594,0.546325266889526,Growth,-4275,-2.18231381417406,Decline,3468,2.69853868061067,Growth,5401,1.04572455293872,Growth
2000-03,836297,636129,200168,125046,511083,NaN,NaN,26143,3.12604254230256,Growth,15152,7.56964150113904,Growth,6928,5.54036114709787,Growth,4063,0.794978506426549,Growth
2000-02,810154,625138,185016,118118,507020,NaN,NaN,7936,0.979566847784495,Growth,5202,2.81164872227267,Growth,1545,1.30801401987843,Growth,1190,0.234704745374936,Growth
2000-01,802218,622403,179814,116573,505830,NaN,NaN,-14381,-1.79265486438848,Decline,1215,0.675698221495545,Growth,-10168,-8.7224314378115,Decline,-5428,-1.0730877962952,Decline
1999-12,816599,637999,178599,126741,511258,NaN,NaN,10762,1.31790511621983,Growth,-112,-0.0627103175269738,Decline,3511,2.77021642562391,Growth,7362,1.43997746734525,Growth
1999-11,805837,627126,178711,123230,503896,NaN,NaN,6280,0.77931393073289,Growth,2036,1.13926954692213,Growth,3004,2.43771808812789,Growth,1241,0.246280978614635,Growth
1999-10,799557,622881,176675,120226,502655,NaN,NaN,5732,0.716896981703618,Growth,925,0.523560209424084,Growth,-46,-0.0382612745995043,Decline,4852,0.965274392973312,Growth
1999-09,793825,618076,175750,120272,497803,NaN,NaN,-3441,-0.433470853147734,Decline,-6569,-3.73769559032717,Decline,1698,1.41179992018092,Growth,1436,0.288467526310609,Growth
1999-08,797266,614941,182319,118574,496367,NaN,NaN,270,0.0338657361533039,Growth,3288,1.80343244532934,Growth,-1708,-1.4404506890212,Decline,-1316,-0.265126408484045,Decline
1999-07,796996,617965,179031,120282,497683,NaN,NaN,-3947,-0.495234605945325,Decline,-4221,-2.35769224324279,Decline,-2593,-2.15576728022481,Decline,2867,0.576069506091227,Growth
1999-06,800943,617691,183252,122875,494816,NaN,NaN,-3029,-0.37817922124296,Decline,-4760,-2.59751598891144,Decline,195,0.158697863682604,Growth,1537,0.3106205134838,Growth
1999-05,803972,615959,188012,122680,493279,NaN,NaN,5029,0.625519296691925,Growth,-638,-0.339340042124971,Decline,2521,2.05493968046951,Growth,3144,0.637367493852363,Growth
1999-04,798943,610293,188650,120159,490135,NaN,NaN,5920,0.74097901852823,Growth,1636,0.867214418234826,Growth,-2451,-2.03979726861908,Decline,6736,1.37431523967886,Growth
1999-03,793023,606009,187014,122610,483399,NaN,NaN,7282,0.918258360728503,Growth,-218,-0.116568813030041,Decline,7733,6.30698964195416,Growth,-234,-0.0484072163988755,Decline
1999-02,785741,598510,187232,114877,483633,NaN,NaN,8484,1.07974510684819,Growth,5801,3.09829516321996,Growth,994,0.865273292303942,Growth,1691,0.349645288886408,Growth
1999-01,777257,595825,181431,113883,481942,NaN,NaN,-6096,-0.784296571146995,Decline,-2729,-1.5041530940137,Decline,-4535,-3.98215712617335,Decline,1168,0.242352814239058,Growth
1998-12,783353,599192,184160,118418,480774,NaN,NaN,3504,0.447307918652255,Growth,-5544,-3.01042571676803,Decline,3571,3.01558884629026,Growth,5476,1.13899670115272,Growth
1998-11,779849,590144,189704,114847,475298,NaN,NaN,8463,1.0852100855422,Growth,5784,3.04896048580947,Growth,2079,1.81023448588122,Growth,601,0.126446986942928,Growth
1998-10,771386,587465,183920,112768,474697,NaN,NaN,2607,0.337963095000428,Growth,583,0.316985645933014,Growth,-2004,-1.77709988649262,Decline,4030,0.848962601406792,Growth
1998-09,768779,585439,183337,114772,470667,NaN,NaN,7362,0.957622411642358,Growth,7644,4.16937115803138,Growth,-386,-0.33631896281323,Decline,98,0.0208215149989271,Growth
1998-08,761417,585728,175693,115158,470569,NaN,NaN,-5416,-0.711305368805792,Decline,-7775,-4.42533282487066,Decline,696,0.60438701609962,Growth,1661,0.352976927931929,Growth
1998-07,766833,583370,183468,114462,468908,NaN,NaN,9787,1.27628831831703,Growth,7416,4.04212178690562,Growth,-1082,-0.945291887263896,Decline,3449,0.735538741075008,Growth
1998-06,757046,581003,176052,115544,465459,NaN,NaN,8066,1.06545705280789,Growth,4036,2.29250448731057,Growth,2510,2.17233261787717,Growth,1542,0.331285891990487,Growth
1998-05,748980,576951,172016,113034,463917,NaN,NaN,7118,0.950359155117627,Growth,2680,1.55799460515301,Growth,1360,1.20317780490826,Growth,3065,0.660678526546775,Growth
1998-04,741862,572526,169336,111674,460852,NaN,NaN,-737,-0.0993446220456096,Decline,-2635,-1.55607785704162,Decline,-1696,-1.51870623421745,Decline,3590,0.778991954032965,Growth
1998-03,742599,570632,171971,113370,457262,NaN,NaN,12079,1.62658446887216,Growth,6394,3.71806874414872,Growth,5420,4.78080620975567,Growth,273,0.0597031898561437,Growth
1998-02,730520,564939,165577,107950,456989,NaN,NaN,9658,1.32207194874884,Growth,7579,4.57732656105618,Growth,-852,-0.789254284390922,Decline,2935,0.642247406392714,Growth
